1100000000000000000000000000000000000000000000000000000000000000000000000000000000000000000000000000000000000000000
0011110000000000000000000000000000000000000000000000000000000000000000000000000000000000000000000000000000000000000
0000101111000000000000000000000000000000000000000000000000000000000000000000000000000000000000000000000000000000000
0000000000110000000000000000000000000000000000000000000000000000000000000000000000000000000000000000000000000000000
0000000000001100000000000000000000000000000000000000000000000000000000000000000000000000000000000000000000000000000
1101000000000011111000000000000000000000000000000000000000000000000000000000000000000000000000000000000000000000000
0000000000000000000111100000000000000000000000000000000000000000000000000000000000000000000000000000000000000000000
0000000000000000000001011111100000000000000000000000000000000000000000000000000000000000000000000000000000000000000
0000000000000000000000000000011110000000000000000000000000000000000000000000000000000000000000000000000000000000000
0000000000000000000000000000000001000000000000000000000000000000000000000000000000000000000000000000000000000000000
0000000000000000000000000000000000111100000000000000000000000000000000000000000000000000000000000000000000000000000
0000000000000000000000000000000100000011000000000000000000000000000000000000000000000000000000000000000000000000000
0000000000000000000000000000000000000000111000000000000000000000000000000000000000000000000000000000000000000000000
0000000000000000000000000000000000000010000110000000000000000000000000000000000000000000000000000000000000000000000
0001000000000000000000000000000000000000000001111100000000000000000000000000000000000000000000000000000000000000000
0000000000000000000000000000000000000000000000000111000000000000000000000000000000000000000000000000000000000000000
0000000000000000000000000000000000000000000000000000100000000000000000000000000000000000000000000000000000000000000
0000000000000000000000000000000000000000000000000000010000000000000000000000000000000000000000000000000000000000000
0000000000000000000000000000000000000000000000000000001100000000000000000000000000000000000000000000000000000000000
0000000000000000000000000000000000000000000000000000000011110000000000000000000000000000000000000000000000000000000
0000000000000000000000000001000000000000000000000000000000001100000000000000000000000000000000000000000000000000000
1000000000000000001000000000000000000000000001000000000000000011000000000000000000000000000000000000000000000000000
0000000000000000000000010000000000000000000000010000000000000000111111000000000000000000000000000000000000000000000
0001000000000000000000000000000000000000000000000000000000000000000000111000000000000000000000000000000000000000000
0000000000000000000000000000000000000000000000000000000000000000000000000100000000000000000000000000000000000000000
0000000000000000000000000000000000000000000000000000000000000000000000000011000000000000000000000000000000000000000
0000000000000000000001010000100000000000000000000000000000000000000000000000111000000000000000000000000000000000000
0000000000000000000000000000000000000000000000000000000000000000000000000000000100000000000000000000000000000000000
0000000000000000000000010000000000000000010000010000000000000000000000000000000010000000000000000000000000000000000
0001000000000000000000000000000000000000000000000000000000000000000000000000000001100000000000000000000000000000000
0000000000000000000000000000000000000000000000000000000000000000000000000000000000011000000000000000000000000000000
0000000000000000000000000000000000000000000000000000000000000000000000000000000000000100000000000000000000000000000
0000000000000000000000000000000000000000000000000000000000000000000000000000000000000010000000000000000000000000000
0000000000000000000000000000000000000010000000000000000000000000000000000000000000000001111100000000000000000000000
0001000000000000000000000000000000000000000000000000000000000000000000000000000000000000100011100000000000000000000
0000000000000000000000000000000000000000000000000000000000000000000000000000000000000000000000010000000000000000000
0000000000000000000000000000000000000000000000000000000000000000000000000000000000000000000000001000000000000000000
0000000000000000000000000000000000000000000000000000000000000000000000000000000000000000000000000110000000000000000
0001000000000000000000000000000000000000000000000000000000000000000000000000000000000000000000000001000000000000000
0000000000000000000000000000000000000000001000000000000000000000000000000000000000000010000000000000110000000000000
0000000000000000000000000000000000000000000001000000000000000000000000000000000000000000000000000000001100000000000
0000000000000000000000000000000000000000000000000000000000000000000000000000000000000000000000000000000010000000000
0000000000000000000000000000000000000000000000000000000000000000000000000000000000000000000000000000000001000000000
0001000000000000000000000000000000000000000000000000000000000000000000000000000000000000000000000000001000000000000
0000000000000000000000000000000000000000000000000000000000000000000000000000000000000000000000000000000000100000000
0000000000000000000000000000000000000000000000000000000000000000000000000000000000000000000000000000000000010000000
0000000100000000000000000000000000000000000000000000000000000000000000000000000000000000000000000000000000001110000
0000000000000000000000000000000000000000000000000000000000000000000000000000000000000000000000000000000000000001111
0000000000000000000000000000000000000000001000000000000000000000000000000000000000000000000000000000000000000000011
0000000000000000000000000000000000000000000000000000000000000000000000000000000000000000000000000000000000000000000
