11111111111111111111110000000000000000000000000000000000000000000000000000000000000000000000000000000000000000000000000000000000000000000000000000000000000000000000000000000000000000000000000000000000000000000000000000000000000000000000000000000000000000000000000000
01001000010000000000001111111111111111111111111000000000000000000000000000000000000000000000000000000000000000000000000000000000000000000000000000000000000000000000000000000000000000000000000000000000000000000000000000000000000000000000000000000000000000000000000000
00001100000000000000110000000000000000000000000111111111111111111111000000000000000000000000000000000000000000000000000000000000000000000000000000000000000000000000000000000000000000000000000000000000000000000000000000000000000000000000000000000000000000000000000000
00000000000000000000000000000000000000000000000000000000000000000000100000000000000000000000000000000000000000000000000000000000000000000000000000000000000000000000000000000000000000000000000000000000000000000000000000000000000000000000000000000000000000000000000000
01000000000000001001010000000100000000000000000000000000000000000000011111110000000000000000000000000000000000000000000000000000000000000000000000000000000000000000000000000000000000000000000000000000000000000000000000000000000000000000000000000000000000000000000000
01000000000000001001010000000100000000000000000000100000000000000000010111101100000000000000000000000000000000000000000000000000000000000000000000000000000000000000000000000000000000000000000000000000000000000000000000000000000000000000000000000000000000000000000000
00000100000000000001000000000000000000000000000000100000000000000000000000000011111111110000000000000000000000000000000000000000000000000000000000000000000000000000000000000000000000000000000000000000000000000000000000000000000000000000000000000000000000000000000000
00000000000000000000110000000000000000000000000000001000000000100010000000000000000000001100000000000000000000000000000000000000000000000000000000000000000000000000000000000000000000000000000000000000000000000000000000000000000000000000000000000000000000000000000000
00000000000000000000000000000000000000000000000000000000000000000000000000000000000000000011000000000000000000000000000000000000000000000000000000000000000000000000000000000000000000000000000000000000000000000000000000000000000000000000000000000000000000000000000000
01000100010000000000110000000000000000000000000000101001000000000000000000000000000000000000111110000000000000000000000000000000000000000000000000000000000000000000000000000000000000000000000000000000000000000000000000000000000000000000000000000000000000000000000000
00000000000000100000000000000000000000010000000000000000000000000010000000000000010000000000100101111100000000000000000000000000000000000000000000000000000000000000000000000000000000000000000000000000000000000000000000000000000000000000000000000000000000000000000000
11111100000000001001000000000100000000000010000000000000000000000000000000000000000000100000010000000011111111111111111111110000000000000000000000000000000000000000000000000000000000000000000000000000000000000000000000000000000000000000000000000000000000000000000000
00000100000000000000000000001110000000000000000000000000000000000000000000000000000000100000000000000000001100000000000000001111111110000000000000000000000000000000000000000000000000000000000000000000000000000000000000000000000000000000000000000000000000000000000000
00001100000000100000000000001111100000000000000000001000000000000010000000000000000000100000000000000000001100000000000000000100000001111111111111110000000000000000000000000000000000000000000000000000000000000000000000000000000000000000000000000000000000000000000000
00000101110010000000000000000100000100000010000000100000000000000000000000000000000000100000010000000000000100000000000000000000000000000000000000001111111111111111000000000000000000000000000000000000000000000000000000000000000000000000000000000000000000000000000000
00001100010000001001000000000100000001000000000000000000000000010100000000000000000000100000000000000010000100110001001000100000000000000000000001000000000000000000111111111111111111000000000000000000000000000000000000000000000000000000000000000000000000000000000000
00000000000000000000000000000000000000000000000000000000000000000000100000000000000000000000000000000000000000000000000000000000000000000000000000000000000000000000000000000000000000000000000000000000000000000000000000000000000000000000000000000000000000000000000000
01000000000000001001000000000100000000000000000000000000000000000000011111110000000000000000000000000000000000000000000000000000000000000000000000000000000000000000000000100000000000000000000000000000000000000000000000000000000000000000000000000000000000000000000000
01000000000000001000000000000100000000000000000000100000000000000000010111101100000000000000000000000000000000000000000000000000000000000000000000000000000000000000000000100000000000000000000000000000000000000000000000000000000000000000000000000000000000000000000000
00000100000000000001000000000000000000000000000000100000000000000000000000000011111111110000000000000000000000000000000000000000000000000000000000000000000000000000000000000000000000100000000000000000000000000000000000000000000000000000000000000000000000000000000000
00000000000000000000000000000000000000000000000000001000000000000000000000000000000000001100000000000100100000000000000000000000000000000000000000000000000000000000000000100000000000011000000000000000000000000000000000000000000000000000000000000000000000000000000000
00000000000000000000000000000000000000000000000000000000000000000000000000000000000000000011000000000000000000000000000000000000000000000000000000000000000000000000000000000000000000000000000000000000000000000000000000000000000000000000000000000000000000000000000000
00001000000000000000000000000000000000000000000000000000000010000010000000000000000000000000000100000000000000000000000000000000000000000000000000000000000000000000000000100001000000010111111100000000000000000000000000000000000000000000000000000000000000000000000000
00000000000000000000000000000100000000000000000000000000000000000000000000000000000000000000100100011100000000000000000000000000000000000000000000000000000000000000000000000000000000000000000011000000000000000000000000000000000000000000000000000000000000000000000000
00001000010000000001000000000100000000000000000000000000000000000000000001100000000000100000000000000000000000000000000000000000000000000000000000000000000000000000000000000000000000000000000000111111111111111111000000000000000000000000000000000000000000000000000000
00000100000100001000000000000100000000000000000100000000000000010000000001100000000000000000000000000000000000000000000000000000000000000000000000000000000000001100000000000000000000000000000000010000000000100001111111111111110000000000000000000000000000000000000000
00000100000000000000000000000100000000000000000100100000000000000000000001101000000000000000000000000100000000110000000000000000000000000000000000000000000000000000000000000000000000000000000000000000000100100000110000000000101111100000000000000000000000000000000000
00000000000000000000000000000100000000000010000000100001000000000000000001100100000000000000000000000000000000000000000000000000000000000000000000000000000000000000000000000000000000000000000000000000000001000000000000000000000000011111100000000000000000000000000000
00000000000000000000000000000000000000000000000000000000000000000000100000000000000000000000000000000000000000000000000000000000000000000000000000000000000000000000000000000000000000000000000000000000000000000000000000000000000000000000000000000000000000000000000000
00000100000000000001000000000000000000000000000000000000000000000000000000000011110000000000000000000000000000000000000000000000000000000000000000000000000000000000000000000000000000100000000000000000000000000000000000000000000000000000010000000000000000000000000000
01000100010000000001000000000100000000000000000000000000000000000100000001100000000000000000000000000000000000000100000000000000000000000000000000000000000000000000000000000100000000000000010000000010000000000000110000000000000000000000001111100000000000000000000000
01000100000000000001000000000110000000000010000000000000000000000000000000000000000000000100000000000000000000000000000000000000000000100000100000000000000000000000000000000000000000000000000000000000101000000000000010000000000000000000000000011111111111100000000000
00000000000000000000000000000000000000000000000000000000000000000000000000000000000000000000000000000000000000000000000000000000000000000000000000000000000000000000000000000000000000000000000000000000000000000000000000000000000000000000000000000000000000011000000000
00100100000000000000110000000000000000000000000000001000000000000000000000000000000000000000000000000000000000000000001000000000010000000000000000000000000000000000000000000000000000000000000000000000000000000000000000000000000000000000000000000000000000000111110000
00000000000000000000000000000000000000000000000000000000000000000000000000000000000000000000000000000000000000000000000000000000000000000000000000000000000000000000000000000000000000000000000000000000000000000000000000000000000000000000000000000000000000000000001111
